-4.788198471069335938e+00 2.962120628356933594e+01
2.876997232437133789e+00 3.309107971191406250e+01
-1.228318119049072266e+01 2.955306053161621094e+01
-1.652460694313049316e-01 2.903911018371582031e+01
-1.898063063621520996e+00 2.867113113403320312e+01
-6.828548908233642578e+00 2.892056465148925781e+01
-1.451931858062744141e+01 2.893159675598144531e+01
-3.426839828491210938e+00 2.899070739746093750e+01
-1.963596701622009277e+00 2.914794158935546875e+01
1.899073004722595215e+00 3.190588378906250000e+01
-3.689117908477783203e+00 2.888583374023437500e+01
-1.863661259412765503e-01 2.760541343688964844e+01
-1.351050853729248047e+01 2.768482780456542969e+01
4.679020404815673828e+00 3.456760406494140625e+01
-1.284037780761718750e+01 3.032214546203613281e+01
-9.078965187072753906e+00 2.756556701660156250e+01
-5.092280864715576172e+00 2.750066184997558594e+01
-1.703606224060058594e+01 3.036746978759765625e+01
-6.777356147766113281e+00 2.563174247741699219e+01
-1.318568897247314453e+01 3.152317237854003906e+01
3.035939455032348633e+00 3.399907684326171875e+01
1.750753283500671387e+00 3.506901931762695312e+01
4.429597377777099609e+00 3.208883285522460938e+01
-1.423765277862548828e+01 2.491824913024902344e+01
-1.030600786209106445e+00 3.333674240112304688e+01
-4.869842529296875000e+00 2.741947746276855469e+01
-1.375733280181884766e+01 2.637825965881347656e+01
-1.347283935546875000e+01 2.895294189453125000e+01
-2.559569120407104492e+00 2.944291305541992188e+01
-1.676496124267578125e+01 3.083240890502929688e+01
1.071912497282028198e-01 2.909786033630371094e+01
2.447784662246704102e+00 2.985989952087402344e+01
-1.164620280265808105e+00 2.795605087280273438e+01
1.312304735183715820e-01 3.175314331054687500e+01
7.680692672729492188e-01 3.010582351684570312e+01
-8.323638916015625000e+00 2.741759490966796875e+01
-1.435900497436523438e+01 2.857360076904296875e+01
-3.104417920112609863e-01 3.416732406616210938e+01
4.818022727966308594e+00 3.500982284545898438e+01
-2.657954096794128418e-01 2.975780487060546875e+01
-1.186954498291015625e+01 3.008420181274414062e+01
1.949748992919921875e+00 3.141098785400390625e+01
-6.076360344886779785e-01 3.060814857482910156e+01
-5.424046993255615234e+00 2.971854782104492188e+01
-7.344476222991943359e+00 2.800497817993164062e+01
-1.069315528869628906e+01 2.801982498168945312e+01
-4.795841217041015625e+00 2.601285171508789062e+01
1.280750930309295654e-01 3.251773452758789062e+01
-1.418641662597656250e+01 2.492484283447265625e+01
-3.940611362457275391e+00 3.146265029907226562e+01
-1.562849521636962891e+01 2.886357498168945312e+01
-1.578442573547363281e+00 3.176401329040527344e+01
-7.758385181427001953e+00 2.635573005676269531e+01
-1.238416194915771484e+00 2.899396705627441406e+01
3.708956003189086914e+00 3.039482688903808594e+01
-8.678501129150390625e+00 2.457687187194824219e+01
-1.636019325256347656e+01 3.095422554016113281e+01
2.578731060028076172e+00 3.082466888427734375e+01
-6.729498386383056641e+00 2.740365600585937500e+01
-1.539321517944335938e+01 2.949048614501953125e+01
-5.694745779037475586e-01 3.157787513732910156e+01
-3.023641347885131836e+00 3.000202941894531250e+01
-1.534051609039306641e+01 2.989529800415039062e+01
-1.343676853179931641e+01 2.620866966247558594e+01
-1.310509300231933594e+01 2.962286949157714844e+01
-1.431533145904541016e+01 2.949378395080566406e+01
-9.760687828063964844e+00 3.102716445922851562e+01
-1.425883483886718750e+01 2.735909461975097656e+01
-6.022411346435546875e+00 2.997586250305175781e+01
-1.344289779663085938e+01 2.951789474487304688e+01
-1.479664230346679688e+01 2.677274131774902344e+01
-1.490532302856445312e+01 2.795503997802734375e+01
5.066885948181152344e+00 3.155805206298828125e+01
-6.403855800628662109e+00 2.550820541381835938e+01
-1.348167896270751953e+01 2.977571296691894531e+01
-9.337944984436035156e+00 2.789726257324218750e+01
1.633792757987976074e+00 2.933298683166503906e+01
-1.596435356140136719e+01 2.716055870056152344e+01
5.234309673309326172e+00 3.277785873413085938e+01
-3.718655109405517578e+00 3.047853851318359375e+01
1.243262767791748047e+00 2.712754249572753906e+01
5.263688564300537109e-01 3.098217391967773438e+01
-2.371142864227294922e+00 2.527409362792968750e+01
4.178815841674804688e+00 3.363363647460937500e+01
-1.004505443572998047e+01 2.589946365356445312e+01
-1.455824375152587891e+01 3.055381011962890625e+01
1.899425506591796875e+00 3.595737838745117188e+01
1.696706175804138184e+00 3.009840393066406250e+01
1.488885521888732910e+00 3.166357231140136719e+01
1.147395133972167969e+00 3.261459732055664062e+01
-8.114916801452636719e+00 2.830541419982910156e+01
5.104767322540283203e+00 3.292246627807617188e+01
-1.206053638458251953e+01 3.097861099243164062e+01
-1.315137863159179688e+00 3.269820785522460938e+01
5.806670989841222763e-03 3.192849349975585938e+01
-2.589927673339843750e+00 2.873408699035644531e+01
2.448622226715087891e+00 3.057298088073730469e+01
-1.840206027030944824e+00 3.355040740966796875e+01
5.492892265319824219e+00 3.339886093139648438e+01
-1.396860599517822266e+01 2.956040191650390625e+01
-6.689213275909423828e+00 2.963415336608886719e+01
-1.439649772644042969e+01 2.987982940673828125e+01
-1.361638927459716797e+01 2.848207855224609375e+01
4.278649806976318359e+00 3.296689605712890625e+01
-1.443847846984863281e+01 2.850680541992187500e+01
-3.568878412246704102e+00 3.025290489196777344e+01
-1.206026649475097656e+01 2.573752021789550781e+01
-1.502759361267089844e+01 2.778392601013183594e+01
-1.598474788665771484e+01 2.814377212524414062e+01
-1.636314964294433594e+01 3.125272941589355469e+01
5.204466819763183594e+00 3.311860656738281250e+01
-1.070186328887939453e+01 2.928645324707031250e+01
8.045783042907714844e-01 3.310197830200195312e+01
-2.949423074722290039e+00 2.767672538757324219e+01
-1.757468223571777344e+01 3.190682792663574219e+01
-1.117429256439208984e+01 2.765798187255859375e+01
1.687833428382873535e+00 3.352485656738281250e+01
4.859562873840332031e+00 3.456926345825195312e+01
2.421889543533325195e+00 3.419179153442382812e+01
-7.705399513244628906e+00 2.895730018615722656e+01
-3.200040340423583984e+00 2.643797492980957031e+01
-1.038360118865966797e+01 2.627381515502929688e+01
-7.257257461547851562e+00 2.960275459289550781e+01
-2.456313818693161011e-01 3.293107604980468750e+01
-1.079155349731445312e+01 2.832826423645019531e+01
-5.543629169464111328e+00 3.200044631958007812e+01
-8.250578045845031738e-01 3.205058288574218750e+01
-1.240937137603759766e+01 2.754305267333984375e+01
-6.417346477508544922e+00 2.645358848571777344e+01
-8.490729331970214844e+00 2.891971397399902344e+01
-1.498237705230712891e+01 2.883729934692382812e+01
4.263768792152404785e-01 3.482056427001953125e+01
1.272988677024841309e+00 3.270427322387695312e+01
-1.011908531188964844e+01 2.764392662048339844e+01
1.531019926071166992e+00 2.777309608459472656e+01
-7.894309043884277344e+00 3.080232810974121094e+01
1.262302041053771973e+00 3.226832580566406250e+01
-1.651456642150878906e+01 3.085475158691406250e+01
-1.115462112426757812e+01 2.874913597106933594e+01
-1.165865135192871094e+01 2.726819992065429688e+01
2.113854885101318359e+00 3.319420623779296875e+01
1.777062654495239258e+00 3.052484512329101562e+01
-6.102637767791748047e+00 2.799473953247070312e+01
-3.581352233886718750e+00 2.777954864501953125e+01
-7.090720176696777344e+00 3.000507164001464844e+01
-7.434618473052978516e+00 2.801466369628906250e+01
5.605418682098388672e-01 3.183077812194824219e+01
-2.973098993301391602e+00 3.048655700683593750e+01
-1.703971290588378906e+01 3.066543006896972656e+01
5.993308871984481812e-02 3.325194931030273438e+01
1.087511062622070312e+00 3.396958160400390625e+01
3.982020020484924316e-01 3.130510902404785156e+01
-1.421688556671142578e+01 2.493924903869628906e+01
2.210894823074340820e+00 3.548554992675781250e+01
-9.126246452331542969e+00 2.889749526977539062e+01
3.225572586059570312e+00 3.523826217651367188e+01
-1.950912833213806152e+00 2.716289901733398438e+01
2.205360412597656250e+00 3.134416770935058594e+01
5.084178447723388672e+00 3.342675399780273438e+01
-4.653079986572265625e+00 2.834322929382324219e+01
-6.840145111083984375e+00 2.870338630676269531e+01
2.890891313552856445e+00 3.236097717285156250e+01
-1.266400051116943359e+01 2.950802040100097656e+01
-1.580645942687988281e+01 2.918488311767578125e+01
-1.236321687698364258e+00 2.874532127380371094e+01
-9.429301261901855469e+00 2.851571655273437500e+01
-1.385274982452392578e+01 3.002055931091308594e+01
-1.609090805053710938e+01 2.858996009826660156e+01
1.668176054954528809e+00 3.340004730224609375e+01
9.241281151771545410e-01 2.884918594360351562e+01
-6.416391372680664062e+00 2.917220878601074219e+01
-3.181784391403198242e+00 3.099884414672851562e+01
-1.661666488647460938e+01 2.981705856323242188e+01
-8.545120239257812500e+00 2.836614227294921875e+01
-1.691295814514160156e+01 2.840864372253417969e+01
-1.191676330566406250e+01 2.865464973449707031e+01
-5.001895427703857422e-01 3.126321411132812500e+01
-9.120739936828613281e+00 2.507227516174316406e+01
-1.616893559694290161e-01 3.191679954528808594e+01
-9.316497802734375000e+00 2.971117973327636719e+01
-1.593333482742309570e+00 3.093579292297363281e+01
1.715770483016967773e+00 3.631005096435546875e+01
5.153293162584304810e-02 3.128217315673828125e+01
-1.773322868347167969e+01 2.989989280700683594e+01
3.632375478744506836e+00 3.292315292358398438e+01
3.685207605361938477e+00 3.506237411499023438e+01
-7.591298580169677734e+00 2.894782447814941406e+01
-4.928741455078125000e+00 3.077245712280273438e+01
-1.081420993804931641e+01 2.554107475280761719e+01
-8.378124237060546875e+00 3.066878700256347656e+01
-1.052016925811767578e+01 2.949060630798339844e+01
2.598277926445007324e-01 3.032340049743652344e+01
-1.130625963211059570e+00 2.719579315185546875e+01
-1.753034782409667969e+01 3.184288024902343750e+01
1.341050982475280762e+00 3.114040565490722656e+01
-4.642414093017578125e+00 3.004768753051757812e+01
9.316785335540771484e-01 3.213138961791992188e+01
-1.750609588623046875e+01 3.178403854370117188e+01
-1.924519896507263184e+00 3.155736541748046875e+01
-5.901631355285644531e+00 2.866160392761230469e+01
-3.529617547988891602e+00 2.670579719543457031e+01
-6.636135578155517578e+00 3.172194480895996094e+01
3.119351387023925781e+00 3.507114028930664062e+01
-2.495483636856079102e+00 3.073600387573242188e+01
-1.989847064018249512e+00 2.994460868835449219e+01
-9.653809070587158203e-01 3.104101181030273438e+01
1.199279204010963440e-01 3.157485961914062500e+01
-9.672951698303222656e+00 2.961147689819335938e+01
-1.309653759002685547e+00 2.992193222045898438e+01
-3.053530931472778320e+00 3.187383460998535156e+01
3.908419847488403320e+00 3.233847808837890625e+01
-7.949938297271728516e+00 2.964424324035644531e+01
-1.169457626342773438e+01 2.937611961364746094e+01
-1.653273010253906250e+01 2.841315078735351562e+01
3.747682094573974609e+00 3.187687110900878906e+01
2.955605983734130859e+00 3.376962661743164062e+01
-1.262460422515869141e+01 2.894256782531738281e+01
-1.160575485229492188e+01 2.610403060913085938e+01
-1.642974090576171875e+01 2.921602821350097656e+01
-5.269764900207519531e+00 3.029341125488281250e+01
9.007309675216674805e-01 3.155670738220214844e+01
-1.658960342407226562e+01 2.697332191467285156e+01
-1.558296084403991699e-01 3.109442329406738281e+01
-3.632721900939941406e+00 2.703952217102050781e+01
-1.320857810974121094e+01 2.811583900451660156e+01
2.155468225479125977e+00 3.566277694702148438e+01
3.073757886886596680e+00 3.430036544799804688e+01
-1.732369804382324219e+01 3.141814041137695312e+01
-5.844143867492675781e+00 2.681724166870117188e+01
3.529068708419799805e+00 3.434130096435546875e+01
-9.146396636962890625e+00 2.500573348999023438e+01
-8.630313873291015625e+00 3.056702995300292969e+01
-1.049799099564552307e-01 2.709505653381347656e+01
2.068910837173461914e+00 2.815001678466796875e+01
-9.440644264221191406e+00 2.635154151916503906e+01
-9.565744400024414062e+00 2.765661621093750000e+01
2.459425687789916992e+00 3.281071853637695312e+01
-2.926901102066040039e+00 3.320271301269531250e+01
-4.040808677673339844e+00 3.191552734375000000e+01
-4.910912513732910156e+00 2.588167762756347656e+01
5.814884901046752930e-01 3.163228225708007812e+01
-1.025902080535888672e+01 3.016331672668457031e+01
-1.539338207244873047e+01 2.927187156677246094e+01
-1.709517860412597656e+01 3.066691017150878906e+01
-4.932966232299804688e+00 3.064776611328125000e+01
-1.182219028472900391e+01 2.954166030883789062e+01
-7.756923198699951172e+00 2.932848358154296875e+01
-1.326395893096923828e+01 3.020588111877441406e+01
3.093183755874633789e+00 3.158032989501953125e+01
-1.035281848907470703e+01 2.706842613220214844e+01
-5.925078392028808594e+00 3.013968086242675781e+01
-9.228584289550781250e+00 2.710193443298339844e+01
-8.662139892578125000e+00 2.913826751708984375e+01
-1.494150400161743164e+00 3.258271026611328125e+01
-6.592663288116455078e+00 3.065614128112792969e+01
4.330136299133300781e+00 3.271854400634765625e+01
-1.325687122344970703e+01 2.877860260009765625e+01
-2.772365808486938477e+00 2.801994514465332031e+01
-1.106129169464111328e+01 2.698194122314453125e+01
-1.720003509521484375e+01 3.155249404907226562e+01
-1.250629425048828125e+01 2.928331184387207031e+01
-1.002563285827636719e+01 2.860426139831542969e+01
-8.488855361938476562e+00 2.683703231811523438e+01
-2.641357231140136719e+01 -6.862900733947753906e+00
-3.152305841445922852e+00 -1.943987464904785156e+01
1.633006334304809570e+00 -1.858528900146484375e+01
-2.353076934814453125e+01 -1.006880569458007812e+01
-1.092854213714599609e+01 -3.233505725860595703e+00
-3.902276229858398438e+01 -8.456250190734863281e+00
-2.896188354492187500e+01 -1.105660247802734375e+01
-1.916844010353088379e+00 -1.096157932281494141e+01
-1.194283199310302734e+01 -5.005609512329101562e+00
-2.882392501831054688e+01 -1.188313388824462891e+01
-5.898622512817382812e+00 -1.957637786865234375e+01
-3.900577926635742188e+01 -8.017827033996582031e+00
-2.560288429260253906e+01 -1.188610744476318359e+01
-1.543758201599121094e+01 -9.339012145996093750e+00
2.348803997039794922e+00 -1.631063079833984375e+01
-5.307494163513183594e+00 -1.065740680694580078e+01
-6.121387004852294922e+00 -1.833279609680175781e+01
-5.034548759460449219e+00 -1.901482009887695312e+01
-1.152878952026367188e+01 -5.407893180847167969e+00
-2.189237976074218750e+01 -1.274628448486328125e+01
-4.894711494445800781e+00 -8.232076644897460938e+00
3.016145229339599609e+00 -2.035547256469726562e+01
6.608419895172119141e+00 -2.038539695739746094e+01
3.576844930648803711e+00 -1.616436386108398438e+01
-7.846611022949218750e+00 -1.198959541320800781e+01
-9.740859031677246094e+00 -5.463378429412841797e+00
-4.743792057037353516e+00 -1.157651710510253906e+01
-8.661170959472656250e+00 -1.536717605590820312e+01
-6.948345661163330078e+00 -1.227846336364746094e+01
-3.896337127685546875e+01 -7.970574855804443359e+00
-4.116447830200195312e+01 -7.654692649841308594e+00
2.582653164863586426e-01 -9.441098213195800781e+00
-3.034331893920898438e+01 -8.843897819519042969e+00
-3.295094966888427734e+00 -1.839677429199218750e+01
-4.360010147094726562e+00 -1.255465316772460938e+01
-7.008515357971191406e+00 -1.173166847229003906e+01
-8.278489112854003906e+00 -7.833340644836425781e+00
-3.060229301452636719e+00 -1.533417415618896484e+01
3.366561889648437500e+00 -1.949176788330078125e+01
-1.807857131958007812e+01 -6.313908576965332031e+00
-8.745943903923034668e-01 -8.205624580383300781e+00
8.653152734041213989e-02 -1.679916763305664062e+01
-4.659740924835205078e+00 -7.614352703094482422e+00
-2.296761703491210938e+01 -1.197886848449707031e+01
-9.105190634727478027e-01 -1.665970993041992188e+01
-9.856617927551269531e+00 -1.197976016998291016e+01
-1.072272968292236328e+01 -5.172544002532958984e+00
-2.222766685485839844e+01 -1.003495025634765625e+01
6.885145902633666992e-01 -7.411880016326904297e+00
-7.374673843383789062e+00 -8.459870338439941406e+00
-2.768593025207519531e+01 -9.381217002868652344e+00
-1.249406147003173828e+01 -9.044376373291015625e+00
3.833690881729125977e+00 -1.651902961730957031e+01
-2.061219692230224609e+00 -7.035081863403320312e+00
-1.348463249206542969e+01 -3.096588134765625000e+00
-2.899747085571289062e+01 -1.102264499664306641e+01
-1.887903213500976562e+00 -1.789455413818359375e+01
-3.784719467163085938e+01 -8.361898422241210938e+00
-9.984429925680160522e-02 -2.127513122558593750e+01
-1.691171646118164062e+00 -1.001901245117187500e+01
3.917236566543579102e+00 -1.530638217926025391e+01
-4.745534896850585938e+00 -1.006850147247314453e+01
-2.596295928955078125e+01 -1.030592346191406250e+01
4.939263343811035156e+00 -1.432092380523681641e+01
-4.547463059425354004e-01 -1.014682388305664062e+01
7.601642608642578125e+00 -1.801747703552246094e+01
-8.543639183044433594e+00 -1.077999687194824219e+01
-1.621346664428710938e+01 -9.493678092956542969e+00
-2.796180534362792969e+01 -8.496425628662109375e+00
-1.050220203399658203e+01 -7.248377323150634766e+00
-1.160073566436767578e+01 -4.664350509643554688e+00
-1.093370437622070312e+01 -2.631721019744873047e+00
-3.988163757324218750e+01 -7.782761096954345703e+00
-1.475416421890258789e+00 -1.816300582885742188e+01
-3.299728393554687500e+00 -8.047332763671875000e+00
-2.641685295104980469e+01 -1.338427162170410156e+01
-2.720963287353515625e+01 -1.015746784210205078e+01
-3.183495998382568359e+00 -1.461406040191650391e+01
-1.334630870819091797e+01 -7.350626468658447266e+00
-3.091637039184570312e+01 -1.210628604888916016e+01
-1.989332580566406250e+01 -1.166650390625000000e+01
-3.287809848785400391e+00 -1.721118736267089844e+01
-4.046223831176757812e+01 -7.475597858428955078e+00
-1.153973293304443359e+01 -4.897300720214843750e+00
-2.223098945617675781e+01 -1.228555965423583984e+01
-1.166853141784667969e+01 -1.499849033355712891e+01
-7.515280723571777344e+00 -2.225590515136718750e+01
-8.824362754821777344e+00 -1.285113525390625000e+01
-1.858954238891601562e+01 -6.213081836700439453e+00
4.310936927795410156e+00 -1.567053604125976562e+01
-2.933243942260742188e+01 -1.127763843536376953e+01
-6.296329200267791748e-02 -1.272985839843750000e+01
-1.207438659667968750e+01 -7.607333183288574219e+00
-1.079565906524658203e+01 -5.389818668365478516e+00
-1.078396511077880859e+01 -5.408700466156005859e+00
2.098510742187500000e+00 -1.637390327453613281e+01
-4.139379882812500000e+01 -7.443387031555175781e+00
-1.268601226806640625e+01 -9.548698425292968750e+00
-3.013000679016113281e+01 -1.117533683776855469e+01
2.820286512374877930e+00 -8.412807464599609375e+00
-2.747919654846191406e+01 -1.353187370300292969e+01
-2.079483985900878906e+01 -1.117643928527832031e+01
-4.100423431396484375e+01 -7.597325325012207031e+00
-1.998621940612792969e+01 -7.917297363281250000e+00
-5.596096992492675781e+00 -1.137444019317626953e+01
-2.948222637176513672e+00 -1.193045234680175781e+01
-3.041770553588867188e+01 -1.134471893310546875e+01
-1.813009071350097656e+01 -6.134806632995605469e+00
-2.744416475296020508e+00 -9.391940116882324219e+00
-3.858827590942382812e+01 -8.162037849426269531e+00
-2.607407951354980469e+01 -8.806552886962890625e+00
-6.799973011016845703e+00 -2.215824890136718750e+01
-4.759322702884674072e-01 -1.738882064819335938e+01
-2.606476020812988281e+01 -1.139902782440185547e+01
-1.299870967864990234e+01 -4.735206604003906250e+00
8.250846266746520996e-01 -9.714058876037597656e+00
7.713358879089355469e+00 -1.695445632934570312e+01
-1.196306037902832031e+01 -5.747611999511718750e+00
2.379811525344848633e+00 -1.897095680236816406e+01
-2.362877273559570312e+01 -1.203675174713134766e+01
-1.408961176872253418e+00 -1.765756034851074219e+01
2.649887204170227051e-01 -1.492848300933837891e+01
-4.516335964202880859e+00 -1.306839942932128906e+01
-3.100816726684570312e+00 -1.462080287933349609e+01
-2.305617713928222656e+01 -1.100729656219482422e+01
-1.271841239929199219e+01 -4.446063995361328125e+00
-3.588564634323120117e+00 -1.981886482238769531e+01
-2.926061630249023438e+01 -1.164552974700927734e+01
-2.880091285705566406e+01 -1.311692142486572266e+01
-8.824921846389770508e-01 -1.967900657653808594e+01
-3.263097405433654785e-01 -6.738468170166015625e+00
-3.810593795776367188e+01 -8.153227806091308594e+00
-1.816658020019531250e+01 -1.120171451568603516e+01
-3.387729823589324951e-01 -1.347906780242919922e+01
-2.391546630859375000e+01 -1.177462100982666016e+01
-8.554341197013854980e-01 -1.982601737976074219e+01
-3.358267545700073242e-01 -1.523933315277099609e+01
-2.445195579528808594e+01 -1.009010410308837891e+01
-3.997104263305664062e+01 -7.611071586608886719e+00
-3.974757385253906250e+01 -7.700067043304443359e+00
2.219789743423461914e+00 -1.077973651885986328e+01
-9.203337669372558594e+00 -4.444271564483642578e+00
-8.381334304809570312e+00 -1.271181011199951172e+01
-1.179610729217529297e+01 -2.773617982864379883e+00
1.014294743537902832e+00 -1.066818618774414062e+01
-3.000793838500976562e+01 -1.010040092468261719e+01
-2.746383190155029297e+00 -1.840836906433105469e+01
5.247735977172851562e-01 -9.904978752136230469e+00
-3.294002294540405273e+00 -1.981264114379882812e+01
-9.883984923362731934e-01 -8.632184028625488281e+00
-1.230850791931152344e+01 -8.633327484130859375e+00
-2.440070343017578125e+01 -1.181615161895751953e+01
-2.813089179992675781e+01 -1.124425220489501953e+01
-2.616748428344726562e+01 -1.399035167694091797e+01
-3.774785614013671875e+01 -8.327705383300781250e+00
-2.098438143730163574e-01 -1.757752609252929688e+01
2.265374064445495605e-01 -1.145143985748291016e+01
-1.182724285125732422e+01 -6.024294853210449219e+00
8.584316372871398926e-01 -1.798853111267089844e+01
-1.042260551452636719e+01 -1.061327362060546875e+01
2.810451030731201172e+00 -1.685058784484863281e+01
-9.496904373168945312e+00 -1.509948635101318359e+01
-2.557803344726562500e+01 -1.311344623565673828e+01
-2.653445625305175781e+01 -1.176885032653808594e+01
-3.116886377334594727e+00 -1.959461975097656250e+01
-1.191996765136718750e+01 -4.548923492431640625e+00
-2.798449134826660156e+01 -1.086681270599365234e+01
-1.290598869323730469e+01 -6.724602222442626953e+00
-2.591450691223144531e+00 -1.166377258300781250e+01
-6.831698417663574219e+00 -1.358799076080322266e+01
-4.482166290283203125e+00 -9.610763549804687500e+00
-2.677065277099609375e+01 -1.144459342956542969e+01
-3.372426271438598633e+00 -2.255658912658691406e+01
-2.335980033874511719e+01 -9.867264747619628906e+00
-1.824507564306259155e-01 -1.906800651550292969e+01
-4.052990722656250000e+01 -7.755958080291748047e+00
-9.752108454704284668e-01 -1.483659362792968750e+01
-3.663339614868164062e+01 -8.926164627075195312e+00
-7.913784384727478027e-01 -9.915083885192871094e+00
-2.950269460678100586e+00 -1.397551918029785156e+01
-1.074388599395751953e+01 -5.949508666992187500e+00
2.086688756942749023e+00 -1.480935955047607422e+01
-7.759387493133544922e+00 -1.179589462280273438e+01
4.754905030131340027e-02 -9.258701324462890625e+00
-2.378340005874633789e+00 -1.293777370452880859e+01
-1.065825223922729492e+00 -1.657303047180175781e+01
-1.365273761749267578e+01 -3.034692287445068359e+00
-1.540006351470947266e+01 -8.101568222045898438e+00
-3.154148483276367188e+01 -1.158783435821533203e+01
-3.910811233520507812e+01 -7.962095737457275391e+00
-1.088360500335693359e+01 -3.734060764312744141e+00
-4.499293863773345947e-01 -1.174335002899169922e+01
-9.739936828613281250e+00 -6.293071746826171875e+00
5.163720250129699707e-01 -1.620532035827636719e+01
-1.803200531005859375e+01 -6.006718158721923828e+00
-2.056491279602050781e+01 -7.001166820526123047e+00
5.929505825042724609e+00 -1.505361270904541016e+01
-8.517880439758300781e-01 -2.282781791687011719e+01
-2.866077041625976562e+01 -1.164143943786621094e+01
-2.929328536987304688e+01 -1.142925739288330078e+01
5.437997341156005859e+00 -1.239496612548828125e+01
-2.922621154785156250e+01 -1.100605201721191406e+01
2.935650348663330078e+00 -2.097873115539550781e+01
-2.640539360046386719e+01 -6.866588115692138672e+00
-2.626942634582519531e+01 -1.218789577484130859e+01
-2.603972244262695312e+01 -1.289535903930664062e+01
-2.961596870422363281e+01 -1.075838756561279297e+01
-1.053038692474365234e+01 -1.064441204071044922e+01
-9.105941772460937500e+00 -1.468360805511474609e+01
-4.021765518188476562e+01 -8.355484008789062500e+00
-5.140845298767089844e+00 -1.050473880767822266e+01
-1.057340621948242188e+01 -4.071138381958007812e+00
1.659629106521606445e+00 -9.079958915710449219e+00
-3.965602493286132812e+01 -7.688417911529541016e+00
-2.919670104980468750e+01 -1.015058326721191406e+01
-6.655629158020019531e+00 -2.201213455200195312e+01
-1.251526355743408203e+01 -6.174447536468505859e+00
4.709163188934326172e+00 -1.333926391601562500e+01
6.854728698730468750e+00 -1.383063507080078125e+01
-1.576289844512939453e+01 -8.925251007080078125e+00
-1.829963302612304688e+01 -6.569279193878173828e+00
-7.955692291259765625e+00 -1.115279293060302734e+01
-9.318609237670898438e+00 -5.393523216247558594e+00
-1.104086303710937500e+01 -8.520647048950195312e+00
5.730324745178222656e+00 -1.600241088867187500e+01
2.031222343444824219e+00 -1.782565498352050781e+01
-2.796411514282226562e+00 -2.003933334350585938e+01
-5.344702720642089844e+00 -2.060372161865234375e+01
5.280998229980468750e+00 -1.633592414855957031e+01
-2.951688575744628906e+01 -1.081396389007568359e+01
-2.614446163177490234e+00 -9.868921279907226562e+00
-2.772157859802246094e+01 -1.233726501464843750e+01
-8.434218406677246094e+00 -1.319994354248046875e+01
-2.839906215667724609e+00 -9.226607322692871094e+00
-1.281491374969482422e+01 -7.758993625640869141e+00
-2.010895013809204102e+00 -1.342201328277587891e+01
-1.230773329734802246e+00 -1.892147445678710938e+01
-1.385962605476379395e+00 -8.339302062988281250e+00
-2.716044616699218750e+01 -1.212503910064697266e+01
-1.110626602172851562e+01 -5.458048343658447266e+00
-3.667815780639648438e+01 -8.914386749267578125e+00
-2.704394912719726562e+01 -1.264530849456787109e+01
-2.258268117904663086e+00 -1.541203880310058594e+01
-1.462914586067199707e+00 -1.757347297668457031e+01
4.249996662139892578e+00 -1.782244873046875000e+01
-6.789205074310302734e+00 -1.814280319213867188e+01
4.798997640609741211e-01 -8.444784164428710938e+00
-2.146821260452270508e+00 -1.687004280090332031e+01
-2.661860466003417969e+01 -1.125982284545898438e+01
-5.769569396972656250e+00 -1.552192020416259766e+01
-2.401631164550781250e+01 -1.357895755767822266e+01
3.045775413513183594e+00 -1.545257759094238281e+01
-5.545964717864990234e+00 -1.890319061279296875e+01
-7.063286304473876953e+00 -1.070348262786865234e+01
2.202781438827514648e+00 -2.082565498352050781e+01
-2.078398704528808594e+00 -2.290865325927734375e+01
9.764570593833923340e-01 -1.896519851684570312e+01
-5.047017574310302734e+00 -2.379383277893066406e+01
-1.693594741821289062e+01 -6.347950935363769531e+00
-6.852996826171875000e+00 -1.886575126647949219e+01
3.239068984985351562e+00 -1.724245452880859375e+01
-2.661365985870361328e+00 -1.591896057128906250e+01
-4.074786758422851562e+01 -8.031293869018554688e+00
-1.188305282592773438e+01 -3.927078723907470703e+00
-9.204531669616699219e+00 -8.746658325195312500e+00
2.819211483001708984e-01 -1.798716545104980469e+01
-6.108054161071777344e+00 -1.170374870300292969e+01
2.427924633026123047e+00 -1.040618801116943359e+01
-2.570871925354003906e+01 -1.042054462432861328e+01
-9.957795143127441406e+00 -5.060889720916748047e+00
-3.049695777893066406e+01 -1.107201194763183594e+01
-1.112604045867919922e+01 -6.391231060028076172e+00
-1.474265289306640625e+01 -5.361987590789794922e+00
-1.285466384887695312e+01 -7.712277412414550781e+00
-7.171689987182617188e+00 -1.414933967590332031e+01
-3.036845779418945312e+01 -9.030802726745605469e+00
2.581139087677001953e+00 -1.753326797485351562e+01
-3.100706481933593750e+01 -1.125973987579345703e+01
-2.475312995910644531e+01 -1.399113368988037109e+01
1.449110507965087891e+00 -2.028438377380371094e+01
-4.409429430961608887e-01 -1.374773979187011719e+01
-1.524537920951843262e+00 -1.384351348876953125e+01
-1.902032017707824707e+00 -1.596378517150878906e+01
4.169605672359466553e-01 -1.265176200866699219e+01
-1.200967884063720703e+01 -3.158444881439208984e+00
-1.918045997619628906e+00 -7.813225269317626953e+00
-2.519501304626464844e+01 -1.328225612640380859e+01
4.954328835010528564e-01 -8.912720680236816406e+00
-2.801457786560058594e+01 -9.466334342956542969e+00
-1.204590129852294922e+01 -3.053624153137207031e+00
-2.106588363647460938e+00 -1.443550682067871094e+01
-2.545397186279296875e+01 -1.043352127075195312e+01
-3.796258544921875000e+01 -8.323972702026367188e+00
-8.490151405334472656e+00 -2.062499237060546875e+01
-5.899289608001708984e+00 -7.014766693115234375e+00
-3.600286245346069336e+00 -1.519621658325195312e+01
-4.116752243041992188e+01 -7.674731731414794922e+00
7.193083286285400391e+00 -1.837571334838867188e+01
-1.964249801635742188e+01 -8.561622619628906250e+00
-3.647722244262695312e+00 -1.669261550903320312e+01
4.168841838836669922e+00 -1.755014228820800781e+01
1.390166640281677246e+00 -2.080851173400878906e+01
-2.429244804382324219e+01 -1.315031051635742188e+01
7.367281436920166016e+00 -1.796846580505371094e+01
-4.349577426910400391e+00 -2.092979240417480469e+01
-2.832174301147460938e+01 -9.957685470581054688e+00
-2.361036872863769531e+01 -1.111923980712890625e+01
-2.958528900146484375e+01 -1.214630889892578125e+01
-7.958778858184814453e+00 -1.181424903869628906e+01
-2.085156822204589844e+01 -1.123505687713623047e+01
-4.148299694061279297e+00 -1.612219047546386719e+01
7.192430496215820312e-01 -1.381783866882324219e+01
-3.920567703247070312e+01 -7.933864593505859375e+00
-2.561617088317871094e+01 -7.600875377655029297e+00
-8.050417304039001465e-01 -1.575878143310546875e+01
-4.737864971160888672e+00 -1.252478313446044922e+01
-9.354747772216796875e+00 -4.017479419708251953e+00
1.086435556411743164e+00 -1.584440040588378906e+01
4.920007705688476562e+00 -1.345902538299560547e+01
-1.235515689849853516e+01 -5.731523036956787109e+00
-4.052320098876953125e+01 -7.981251716613769531e+00
-2.885067558288574219e+01 -1.077611732482910156e+01
-7.066338539123535156e+00 -1.430460834503173828e+01
-3.788493633270263672e+00 -1.488812923431396484e+01
-3.009837532043457031e+01 -1.174565124511718750e+01
-1.849906593561172485e-01 -1.766434097290039062e+01
-6.593906402587890625e+00 -1.061371421813964844e+01
-2.123707056045532227e+00 -6.913914680480957031e+00
-2.580126571655273438e+01 -1.120669364929199219e+01
2.716790199279785156e+00 -1.198807907104492188e+01
-1.914184761047363281e+01 -9.465452194213867188e+00
-1.233258342742919922e+01 -4.569356918334960938e+00
-1.043758296966552734e+01 -6.496100425720214844e+00
-2.533311843872070312e+01 -1.151220417022705078e+01
-1.096684169769287109e+01 -1.307395267486572266e+01
-8.462443351745605469e+00 -6.777558803558349609e+00
4.817710399627685547e+00 -1.825366210937500000e+01
-2.741458892822265625e+01 -1.130964851379394531e+01
-2.834897279739379883e+00 -1.367022800445556641e+01
-5.670830249786376953e+00 -1.185688781738281250e+01
-2.044107246398925781e+01 -7.565045356750488281e+00
3.690566539764404297e+00 -1.564052963256835938e+01
6.148135185241699219e+00 -1.510061645507812500e+01
2.695052623748779297e+00 -1.422498989105224609e+01
-1.783825874328613281e+01 -6.042458534240722656e+00
-2.872749519348144531e+01 -8.740291595458984375e+00
-2.706433296203613281e+01 -1.066592311859130859e+01
-1.182861518859863281e+01 -5.472539901733398438e+00
-2.470379257202148438e+01 -9.802597045898437500e+00
-2.061507987976074219e+01 -7.463126659393310547e+00
-1.133115863800048828e+01 -2.502288341522216797e+00
-1.175930213928222656e+01 -1.505133438110351562e+01
-8.687815666198730469e+00 -7.893268585205078125e+00
6.508044719696044922e+00 -1.950093269348144531e+01
-7.254744172096252441e-01 -1.886112976074218750e+01
-2.278920555114746094e+01 -9.715147018432617188e+00
-4.633352279663085938e+00 -1.967460632324218750e+01
-1.039731979370117188e+01 -5.857295036315917969e+00
-5.215680122375488281e+00 -1.298287677764892578e+01
-3.690197706222534180e+00 -2.014299392700195312e+01
3.090481996536254883e+00 -1.816023063659667969e+01
-4.699802398681640625e+00 -1.101826286315917969e+01
-7.566274166107177734e+00 -1.096919918060302734e+01
-3.894262313842773438e+01 -7.955353260040283203e+00
-8.957460403442382812e+00 -6.417543411254882812e+00
-7.868433952331542969e+00 -5.617879390716552734e+00
-6.860395908355712891e+00 -1.820347976684570312e+01
5.024822235107421875e+00 -1.197523021697998047e+01
-2.565947341918945312e+01 -1.296979808807373047e+01
-1.053413152694702148e+00 -1.067745113372802734e+01
-6.465935707092285156e+00 -9.361477851867675781e+00
-3.039117813110351562e+01 -8.119994163513183594e+00
-8.923195838928222656e+00 -1.393967723846435547e+01
-1.189584827423095703e+01 -5.015676975250244141e+00
-8.803400993347167969e+00 -1.382805824279785156e+01
-8.106966972351074219e+00 -1.503530406951904297e+01
-1.128478240966796875e+01 -1.289640998840332031e+01
9.288887977600097656e-01 -2.105351638793945312e+01
6.510811805725097656e+00 -1.876931953430175781e+01
-2.525513410568237305e+00 -1.623903083801269531e+01
-4.110911941528320312e+01 -7.367920398712158203e+00
-3.896170616149902344e+00 -1.619219398498535156e+01
-4.199129641056060791e-01 -1.208100414276123047e+01
-5.370718002319335938e+00 -1.275148010253906250e+01
-3.606052875518798828e+00 -1.852003479003906250e+01
-1.748806595802307129e+00 -2.280889511108398438e+01
-6.833863258361816406e+00 -2.227644729614257812e+01
-1.759796714782714844e+01 -5.381341934204101562e+00
5.875201225280761719e+00 -1.840721321105957031e+01
-1.320998191833496094e+01 -2.574266433715820312e+00
1.965197324752807617e+00 -1.119367599487304688e+01
-7.288547039031982422e+00 -8.738595008850097656e+00
2.235820293426513672e+00 -1.574913883209228516e+01
-3.094027709960937500e+01 -1.117380237579345703e+01
-6.214859008789062500e+00 -1.087080860137939453e+01
-1.386292552947998047e+01 -3.592775583267211914e+00
-1.375703811645507812e+01 -3.134468793869018555e+00
-3.816466140747070312e+01 -8.248895645141601562e+00
-5.762683868408203125e+00 -1.259708881378173828e+01
-2.951825618743896484e+00 -1.054568862915039062e+01
-2.793727684020996094e+01 -1.100501441955566406e+01
-2.897637176513671875e+01 -1.085561847686767578e+01
-5.153093338012695312e-01 -6.848989963531494141e+00
-2.850463867187500000e+01 -1.043198204040527344e+01
4.437164962291717529e-01 -1.849574089050292969e+01
-1.662624549865722656e+01 -1.095489788055419922e+01
-1.766082763671875000e+01 -1.271699905395507812e+01
6.630034446716308594e+00 -2.030317497253417969e+01
-9.806360244750976562e+00 -1.509209823608398438e+01
-1.461811351776123047e+01 -9.502898216247558594e+00
1.108677744865417480e+00 -1.534342193603515625e+01
-2.420641183853149414e+00 -1.261244010925292969e+01
-9.379476547241210938e+00 -7.636754989624023438e+00
2.293876171112060547e+00 -1.326899433135986328e+01
3.102934598922729492e+00 -1.242968177795410156e+01
5.922428131103515625e+00 -1.843559265136718750e+01
-3.966170549392700195e+00 -2.013336563110351562e+01
-2.834724235534667969e+01 -1.198163032531738281e+01
-3.795249557495117188e+01 -8.229685783386230469e+00
-3.029558753967285156e+01 -1.028483200073242188e+01
-1.202893638610839844e+01 -5.169668674468994141e+00
-1.732403945922851562e+01 -1.055599403381347656e+01
-1.198427295684814453e+01 -6.761174678802490234e+00
-9.323598146438598633e-01 -1.303364753723144531e+01
3.554457426071166992e-01 -1.409952926635742188e+01
-1.275893783569335938e+01 -3.686619520187377930e+00
-2.796426963806152344e+01 -1.028683090209960938e+01
-3.160713768005371094e+01 -1.100211811065673828e+01
-7.617452621459960938e+00 -8.231517791748046875e+00
-3.391566991806030273e+00 -1.231644821166992188e+01
-6.873448371887207031e+00 -1.252787494659423828e+01
-3.469866752624511719e+00 -1.377530097961425781e+01
-1.279333591461181641e+00 -1.555148887634277344e+01
-1.107873821258544922e+01 -7.166649818420410156e+00
-9.503468513488769531e+00 -8.225570678710937500e+00
-4.702626228332519531e+00 -9.461300849914550781e+00
-4.844604969024658203e+00 -2.084859466552734375e+01
1.225999951362609863e+00 -1.230205249786376953e+01
-1.123882579803466797e+01 -5.254032135009765625e+00
-2.933640861511230469e+01 -1.300828075408935547e+01
-2.263247871398925781e+01 -1.217141819000244141e+01
6.700457572937011719e+00 -1.571459293365478516e+01
-3.136780929565429688e+01 -9.979794502258300781e+00
-3.371158361434936523e+00 -2.243766593933105469e+01
-2.726263046264648438e+00 -8.548490524291992188e+00
-1.545613670349121094e+01 -1.078834342956542969e+01
4.227035522460937500e+00 -1.316574001312255859e+01
-1.404749870300292969e+01 -5.339962482452392578e+00
-3.356722354888916016e+00 -1.934533882141113281e+01
-7.902867317199707031e+00 -1.316180515289306641e+01
-1.155424880981445312e+01 -5.364125251770019531e+00
3.615927457809448242e+00 -1.851037025451660156e+01
8.089737892150878906e-01 -1.354607009887695312e+01
-1.775444030761718750e+01 -1.042988586425781250e+01
-9.094668388366699219e+00 -1.247500419616699219e+01
-1.042636394500732422e+01 -8.644652366638183594e+00
-2.726426315307617188e+01 -1.066456604003906250e+01
-2.276214981079101562e+01 -1.309943962097167969e+01
-1.720597267150878906e+00 -1.447851276397705078e+01
-1.332283020019531250e+00 -7.822295188903808594e+00
-9.835988044738769531e+00 -3.816760540008544922e+00
-1.255231285095214844e+01 -1.005552959442138672e+01
-3.460983753204345703e+00 -2.021685409545898438e+01
-4.077282714843750000e+01 -7.467646121978759766e+00
-1.057946014404296875e+01 -4.141454696655273438e+00
-1.190111541748046875e+01 -2.749280452728271484e+00
5.557440221309661865e-02 -1.570043849945068359e+01
-2.448876953125000000e+01 -1.218856525421142578e+01
-4.896788120269775391e+00 -2.121280860900878906e+01
-2.913011360168457031e+01 -1.114708805084228516e+01
-2.430443191528320312e+01 -1.239021778106689453e+01
-8.444902420043945312e+00 -1.261465930938720703e+01
-2.605139255523681641e+00 -8.741181373596191406e+00
-6.798177242279052734e+00 -2.212643814086914062e+01
-7.121831178665161133e-01 -2.283335494995117188e+01
-2.102094841003417969e+01 -1.096577453613281250e+01
-4.599155426025390625e+00 -1.017887687683105469e+01
1.632706522941589355e+00 -1.714083480834960938e+01
-6.606050968170166016e+00 -7.366257190704345703e+00
6.622244358062744141e+00 -2.035260009765625000e+01
-8.034154891967773438e+00 -1.191263103485107422e+01
-1.853415250778198242e+00 -1.705761337280273438e+01
-1.943280410766601562e+01 -7.890084743499755859e+00
-7.609869837760925293e-01 -9.765576362609863281e+00
-1.285769462585449219e+01 -3.982690334320068359e+00
-4.192919731140136719e+00 -8.212459564208984375e+00
-3.872674560546875000e+01 -7.898234844207763672e+00
-3.494662523269653320e+00 -1.048888492584228516e+01
-2.457109642028808594e+01 -9.210691452026367188e+00
-4.840071499347686768e-01 -1.065548229217529297e+01
-1.338986396789550781e+01 -3.973931312561035156e+00
-1.136885404586791992e+00 -1.142277240753173828e+01
-5.973060131072998047e-01 -1.623376274108886719e+01
-5.341409206390380859e+00 -2.328973960876464844e+01
-9.088741540908813477e-01 -6.129947185516357422e+00
-1.321081542968750000e+01 -5.742670536041259766e+00
-4.110912322998046875e+01 -7.570662975311279297e+00
-2.474573850631713867e+00 -2.068003082275390625e+01
-3.168246650695800781e+01 -1.168882656097412109e+01
-1.027166748046875000e+01 -2.103333711624145508e+00
-3.978975296020507812e+01 -8.096366882324218750e+00
-5.354998588562011719e+00 -1.156067180633544922e+01
-1.224069213867187500e+01 -2.660078287124633789e+00
9.226448535919189453e-01 -1.544541549682617188e+01
-4.221096992492675781e+00 -1.847672271728515625e+01
-2.659211349487304688e+01 -1.042833805084228516e+01
-4.085781097412109375e+01 -7.229394912719726562e+00
-8.802017211914062500e+00 -1.189469242095947266e+01
-2.173176956176757812e+01 -1.164022159576416016e+01
-2.608109664916992188e+01 -9.493679046630859375e+00
-2.220392608642578125e+01 -1.020618629455566406e+01
4.884652614593505859e+00 -1.309177207946777344e+01
-1.110475826263427734e+01 -8.044828414916992188e+00
-2.417518043518066406e+01 -8.388301849365234375e+00
-4.149512290954589844e+00 -2.000872421264648438e+01
-9.757578849792480469e+00 -1.508656120300292969e+01
-2.446558952331542969e+01 -1.084698104858398438e+01
-5.596336841583251953e+00 -9.758277893066406250e+00
8.964729309082031250e-01 -1.928312301635742188e+01
-8.006823539733886719e+00 -1.313069343566894531e+01
5.001881599426269531e+00 -1.302450084686279297e+01
-7.497565746307373047e+00 -6.422528743743896484e+00
-1.260195636749267578e+01 -9.903141021728515625e+00
-5.620596408843994141e+00 -2.261636734008789062e+01
-3.010489654541015625e+01 -1.113289165496826172e+01
-3.975503921508789062e+01 -8.020187377929687500e+00
-1.460678958892822266e+01 -8.947631835937500000e+00
-8.034252524375915527e-01 -1.450436401367187500e+01
-3.929449319839477539e+00 -8.311320304870605469e+00
-2.742338943481445312e+01 -8.772948265075683594e+00
-2.066108942031860352e+00 -1.195944118499755859e+01
-1.779927253723144531e+01 -7.456653118133544922e+00
-2.794239044189453125e+01 -8.058418273925781250e+00
-1.694235992431640625e+01 -1.031723594665527344e+01
-2.357230949401855469e+01 -1.288314247131347656e+01
-5.341493606567382812e+00 -1.348279857635498047e+01
3.383212661743164062e+01 4.159959316253662109e+00
3.928786849975585938e+01 -5.339284896850585938e+00
3.587726974487304688e+01 -5.074364185333251953e+00
2.593184471130371094e+01 6.032866001129150391e+00
2.879341125488281250e+01 6.619635105133056641e+00
2.340681838989257812e+01 7.053579807281494141e+00
3.959533309936523438e+01 -5.713923454284667969e+00
3.205022430419921875e+01 1.162316799163818359e+00
3.601746749877929688e+01 6.615015506744384766e+00
3.828573608398437500e+01 -3.049031019210815430e+00
3.985232543945312500e+01 -4.896429061889648438e+00
4.200240707397460938e+01 -8.036412239074707031e+00
3.891205978393554688e+01 3.640756130218505859e+00
3.251522445678710938e+01 6.464689254760742188e+00
2.727394104003906250e+01 4.762779235839843750e+00
3.265971374511718750e+01 2.245387315750122070e+00
3.447220993041992188e+01 5.906452178955078125e+00
3.078107643127441406e+01 4.405977725982666016e+00
2.946672058105468750e+01 5.003631114959716797e+00
3.339665603637695312e+01 4.893668174743652344e+00
4.005146026611328125e+01 -6.916278839111328125e+00
4.326638793945312500e+01 -1.049825859069824219e+01
2.508562850952148438e+01 8.452246665954589844e+00
4.565118789672851562e+01 -1.078759574890136719e+01
2.693470764160156250e+01 8.718345642089843750e+00
3.092731094360351562e+01 4.679951667785644531e+00
3.882218551635742188e+01 -3.645663022994995117e+00
2.820197296142578125e+01 7.121430397033691406e+00
2.994968986511230469e+01 7.197618484497070312e+00
3.351269149780273438e+01 8.085715293884277344e+00
3.846817398071289062e+01 -5.378715515136718750e+00
2.817518997192382812e+01 4.997827529907226562e+00
3.045776939392089844e+01 9.329141616821289062e+00
2.810723876953125000e+01 6.701607227325439453e+00
4.273488235473632812e+01 -8.168651580810546875e+00
3.327104187011718750e+01 -1.468648672103881836e+00
3.375324249267578125e+01 8.884641528129577637e-02
3.740992736816406250e+01 -4.967759132385253906e+00
4.529054641723632812e+01 -9.491792678833007812e+00
3.850646591186523438e+01 -6.037915706634521484e+00
3.030813598632812500e+01 5.621532440185546875e+00
3.360363769531250000e+01 1.002102136611938477e+00
4.128689575195312500e+01 -6.888247966766357422e+00
2.821536827087402344e+01 1.022946929931640625e+01
3.856655120849609375e+01 -4.480792999267578125e+00
3.473400878906250000e+01 7.891125202178955078e+00
3.820660400390625000e+01 -8.599014282226562500e-01
3.995037078857421875e+01 -4.373421370983123779e-01
2.557092857360839844e+01 7.641215801239013672e+00
4.394346618652343750e+01 -1.188344669342041016e+01
2.542716217041015625e+01 4.135418415069580078e+00
3.657824325561523438e+01 -3.353726387023925781e+00
4.041249084472656250e+01 -4.911481380462646484e+00
4.690324783325195312e+01 -1.183159828186035156e+01
3.376785278320312500e+01 2.597250461578369141e+00
3.977307128906250000e+01 -4.856855392456054688e+00
3.775058364868164062e+01 -6.047262668609619141e+00
3.394321823120117188e+01 4.095585823059082031e+00
3.509627151489257812e+01 8.151896476745605469e+00
3.627996063232421875e+01 2.811292886734008789e+00
3.251069641113281250e+01 1.802482485771179199e+00
3.277728652954101562e+01 6.206480503082275391e+00
4.435297012329101562e+01 -1.085044670104980469e+01
3.103038215637207031e+01 3.908061981201171875e+00
3.413806533813476562e+01 7.055995464324951172e+00
2.409978294372558594e+01 9.770100593566894531e+00
3.534488677978515625e+01 3.761862754821777344e+00
2.617018508911132812e+01 8.035887718200683594e+00
3.340398788452148438e+01 -6.181002855300903320e-01
4.609546661376953125e+01 -1.127648925781250000e+01
3.757205200195312500e+01 -2.312373399734497070e+00
2.686007881164550781e+01 6.957101821899414062e+00
3.096613693237304688e+01 4.002319276332855225e-01
4.065752029418945312e+01 1.548564553260803223e+00
2.721997642517089844e+01 7.590762138366699219e+00
4.033760452270507812e+01 -6.029748439788818359e+00
2.436592864990234375e+01 8.758887290954589844e+00
3.458255767822265625e+01 1.328689575195312500e+00
4.148954010009765625e+01 -7.322320461273193359e+00
4.323414230346679688e+01 -6.565730094909667969e+00
4.173109436035156250e+01 -9.525156021118164062e+00
2.687032127380371094e+01 1.039412879943847656e+01
3.037414550781250000e+01 2.291081428527832031e+00
2.724425506591796875e+01 9.566630363464355469e+00
3.592071914672851562e+01 4.332495212554931641e+00
3.142648315429687500e+01 6.206962108612060547e+00
3.936956787109375000e+01 -3.539975583553314209e-01
2.614216995239257812e+01 5.723821163177490234e+00
3.118584823608398438e+01 1.122449636459350586e+00
2.776698303222656250e+01 2.364205598831176758e+00
2.771918106079101562e+01 9.251384735107421875e+00
4.583440780639648438e+01 -1.166778373718261719e+01
4.487549591064453125e+01 -1.026285839080810547e+01
3.724956130981445312e+01 2.599038600921630859e+00
2.485688591003417969e+01 7.343118667602539062e+00
2.615986824035644531e+01 4.732245445251464844e+00
4.740234756469726562e+01 -1.218576526641845703e+01
3.325703048706054688e+01 2.766597747802734375e+00
2.713116455078125000e+01 2.214071273803710938e+00
4.512607955932617188e+01 -1.113111972808837891e+01
2.427410697937011719e+01 5.782019615173339844e+00
3.503630828857421875e+01 -6.862359046936035156e-01
2.797447586059570312e+01 6.216256618499755859e+00
3.185470008850097656e+01 7.121668815612792969e+00
4.434355926513671875e+01 -7.805032253265380859e+00
4.183796310424804688e+01 -5.145250320434570312e+00
4.090372848510742188e+01 -9.309346199035644531e+00
2.970404243469238281e+01 6.501924037933349609e+00
4.555822372436523438e+01 -1.091238689422607422e+01
3.051704025268554688e+01 1.058394432067871094e+01
3.949925994873046875e+01 -3.439109563827514648e+00
3.129554939270019531e+01 -1.365146160125732422e+00
3.420522308349609375e+01 -1.680297017097473145e+00
3.209726333618164062e+01 2.960517644882202148e+00
3.268350982666015625e+01 3.757361888885498047e+00
3.448126602172851562e+01 -3.242106199264526367e+00
2.955526351928710938e+01 8.387188911437988281e+00
3.441064834594726562e+01 1.008406043052673340e+00
3.094551277160644531e+01 4.577224254608154297e+00
3.319332122802734375e+01 8.038683891296386719e+00
2.676253128051757812e+01 5.906457901000976562e+00
4.403147888183593750e+01 -9.043473243713378906e+00
4.506117630004882812e+01 -1.050407886505126953e+01
3.968271255493164062e+01 -8.960580825805664062e+00
4.254468536376953125e+01 -9.125707626342773438e+00
3.834434890747070312e+01 8.981721401214599609e-01
4.307138824462890625e+01 -8.575046539306640625e+00
2.654924774169921875e+01 4.998036861419677734e+00
4.651190567016601562e+01 -1.150115299224853516e+01
4.029843521118164062e+01 -1.612574934959411621e+00
4.607906723022460938e+01 -1.131694602966308594e+01
4.106003952026367188e+01 -7.554437160491943359e+00
3.619038391113281250e+01 -3.775172472000122070e+00
4.095597457885742188e+01 -3.280657768249511719e+00
4.359206008911132812e+01 -8.429069519042968750e+00
3.903783416748046875e+01 -2.605879545211791992e+00
3.500619506835937500e+01 1.123990297317504883e+00
3.996925735473632812e+01 3.477711081504821777e-01
4.536978530883789062e+01 -1.010026741027832031e+01
3.386448287963867188e+01 6.945729732513427734e+00
4.118615722656250000e+01 -8.614894866943359375e+00
3.530951309204101562e+01 2.624536275863647461e+00
3.561638641357421875e+01 1.352650284767150879e+00
2.477196121215820312e+01 7.329485416412353516e+00
4.459011840820312500e+01 -8.176757812500000000e+00
4.104936218261718750e+01 -3.637421607971191406e+00
2.834067344665527344e+01 1.065697860717773438e+01
2.886387634277343750e+01 6.788434505462646484e+00
2.588292694091796875e+01 1.034379291534423828e+01
2.710879325866699219e+01 5.634433746337890625e+00
2.944271278381347656e+01 7.524206161499023438e+00
3.785471725463867188e+01 -2.416596889495849609e+00
3.815188598632812500e+01 -7.206124305725097656e+00
3.963690567016601562e+01 2.466690063476562500e+00
3.587276077270507812e+01 -7.395120859146118164e-01
4.664260101318359375e+01 -1.041569137573242188e+01
3.988462066650390625e+01 -7.143478870391845703e+00
3.000869178771972656e+01 1.370595455169677734e+00
4.106565475463867188e+01 -5.276344299316406250e+00
2.842456626892089844e+01 1.798654079437255859e+00
3.749113464355468750e+01 3.269350767135620117e+00
4.268856430053710938e+01 -7.176779270172119141e+00
3.722609329223632812e+01 5.417219638824462891e+00
3.227515029907226562e+01 9.272672653198242188e+00
3.936496734619140625e+01 -4.810789108276367188e+00
2.778565216064453125e+01 7.134056091308593750e+00
2.868420791625976562e+01 7.770141124725341797e+00
4.013853836059570312e+01 -4.374473094940185547e+00
2.339852523803710938e+01 5.707932472229003906e+00
3.539294815063476562e+01 -7.432258222252130508e-03
3.194930839538574219e+01 4.030945777893066406e+00
3.899898147583007812e+01 -6.748949050903320312e+00
3.423170852661132812e+01 -4.911230802536010742e-01
3.529081726074218750e+01 4.749401092529296875e+00
3.580840682983398438e+01 -3.158499717712402344e+00
3.554066467285156250e+01 -9.035928845405578613e-01
3.126647567749023438e+01 2.647026538848876953e+00
2.862182807922363281e+01 6.930709838867187500e+00
4.090950775146484375e+01 -8.242756843566894531e+00
2.940245437622070312e+01 3.185219049453735352e+00
3.422570037841796875e+01 6.159400343894958496e-01
2.369719505310058594e+01 9.361743927001953125e+00
2.393876075744628906e+01 3.853621006011962891e+00
4.468533706665039062e+01 -1.123849105834960938e+01
4.050706100463867188e+01 -2.168518304824829102e+00
2.345062446594238281e+01 4.976932048797607422e+00
3.752882385253906250e+01 1.619954705238342285e+00
3.130680847167968750e+01 2.390660524368286133e+00
2.748976516723632812e+01 6.370498657226562500e+00
4.724076843261718750e+01 -1.206268405914306641e+01
4.059640502929687500e+01 -5.131571292877197266e-01
2.877046966552734375e+01 4.812863826751708984e+00
3.444351577758789062e+01 3.614146232604980469e+00
3.320814132690429688e+01 1.070500254631042480e+00
3.690206527709960938e+01 -1.683515548706054688e+00
3.031043815612792969e+01 3.992298603057861328e+00
2.757044029235839844e+01 9.349978446960449219e+00
2.605062103271484375e+01 1.018254947662353516e+01
3.246183013916015625e+01 4.783143043518066406e+00
3.834560394287109375e+01 -4.180611610412597656e+00
2.668684768676757812e+01 7.857712745666503906e+00
2.480244064331054688e+01 8.539813995361328125e+00
3.663573074340820312e+01 1.324991703033447266e+00
4.297476196289062500e+01 -9.384473800659179688e+00
3.703282928466796875e+01 5.502178192138671875e+00
3.757886123657226562e+01 -2.411869466304779053e-01
4.523767852783203125e+01 -1.138602924346923828e+01
3.833529281616210938e+01 -2.017545461654663086e+00
3.927124023437500000e+01 -5.526619911193847656e+00
2.362649345397949219e+01 6.471151351928710938e+00
3.181448173522949219e+01 7.904782772064208984e+00
3.300902175903320312e+01 3.775046586990356445e+00
3.530318069458007812e+01 -1.843083262443542480e+00
2.529500961303710938e+01 5.689295768737792969e+00
3.659279632568359375e+01 -5.200747400522232056e-02
2.936936950683593750e+01 4.366380214691162109e+00
3.686843109130859375e+01 -4.595986366271972656e+00
2.834698867797851562e+01 9.980262756347656250e+00
2.930998611450195312e+01 1.049687194824218750e+01
3.258922576904296875e+01 3.468091964721679688e+00
3.911725234985351562e+01 -4.706653594970703125e+00
3.919905090332031250e+01 -6.247729301452636719e+00
3.490876770019531250e+01 6.780652999877929688e+00
3.614061737060546875e+01 -4.168199300765991211e-01
3.020917892456054688e+01 6.330975055694580078e+00
2.751788330078125000e+01 4.072924137115478516e+00
2.625922966003417969e+01 4.314326763153076172e+00
3.682420349121093750e+01 -2.750834703445434570e+00
2.490539741516113281e+01 9.764148712158203125e+00
3.953746032714843750e+01 9.335794448852539062e-01
3.445590591430664062e+01 4.441827774047851562e+00
3.258032608032226562e+01 4.593795299530029297e+00
2.535903167724609375e+01 1.094582557678222656e+01
2.660968780517578125e+01 6.701225280761718750e+00
4.623434829711914062e+01 -1.174616718292236328e+01
3.991429138183593750e+01 1.385903835296630859e+00
3.637359619140625000e+01 -1.941225647926330566e+00
2.599860191345214844e+01 1.048048496246337891e+01
2.624977493286132812e+01 7.231042861938476562e+00
3.861594390869140625e+01 -3.365178823471069336e+00
4.004897689819335938e+01 -5.341987609863281250e+00
4.222299575805664062e+01 -8.153396606445312500e+00
4.020498657226562500e+01 -4.094629764556884766e+00
3.476264190673828125e+01 1.801318168640136719e+00
2.612301826477050781e+01 3.456239461898803711e+00
2.867525672912597656e+01 9.287550926208496094e+00
4.323376464843750000e+01 -8.604197502136230469e+00
3.508292770385742188e+01 1.394081950187683105e+00
3.658427429199218750e+01 1.985037565231323242e+00
3.781991577148437500e+01 3.599368095397949219e+00
3.685228729248046875e+01 1.820500135421752930e+00
4.326998138427734375e+01 -8.530516624450683594e+00
3.449327468872070312e+01 6.079732894897460938e+00
4.074714660644531250e+01 -5.772773265838623047e+00
2.586509132385253906e+01 7.241285324096679688e+00
4.408005905151367188e+01 -1.036263465881347656e+01
3.253141403198242188e+01 6.662693619728088379e-02
3.577586364746093750e+01 2.105465888977050781e+00
3.159011650085449219e+01 8.210858702659606934e-01
4.300776672363281250e+01 -5.638057708740234375e+00
3.594049072265625000e+01 -4.260838031768798828e+00
3.755609893798828125e+01 -3.220672845840454102e+00
4.462067031860351562e+01 -9.862033843994140625e+00
3.973413467407226562e+01 -1.945797920227050781e+00
3.777180099487304688e+01 -4.342686653137207031e+00
3.668959426879882812e+01 -7.362742424011230469e+00
3.610343933105468750e+01 3.931783735752105713e-01
3.529043960571289062e+01 3.964379131793975830e-01
3.721688842773437500e+01 8.727747797966003418e-01
3.085920333862304688e+01 6.575246810913085938e+00
2.926088905334472656e+01 1.394992113113403320e+00
2.840548515319824219e+01 9.975657463073730469e+00
3.810844039916992188e+01 -3.851325511932373047e+00
3.985960006713867188e+01 -7.668218135833740234e+00
3.936663055419921875e+01 -8.244097709655761719e+00
3.662710189819335938e+01 -5.188828945159912109e+00
4.590275192260742188e+01 -1.103269672393798828e+01
2.929131698608398438e+01 8.637104988098144531e+00
3.581688690185546875e+01 -2.536479234695434570e+00
3.707048416137695312e+01 -4.540294110774993896e-01
3.476333999633789062e+01 1.239675164222717285e+00
3.585335540771484375e+01 5.073824882507324219e+00
2.301284217834472656e+01 5.768510818481445312e+00
4.500426483154296875e+01 -1.009162998199462891e+01
4.672221374511718750e+01 -1.169268035888671875e+01
2.717918968200683594e+01 5.512434959411621094e+00
2.750884437561035156e+01 5.174214363098144531e+00
4.548246765136718750e+01 -1.065992069244384766e+01
3.098092651367187500e+01 6.312961578369140625e+00
3.651467132568359375e+01 -7.508120059967041016e+00
3.122402000427246094e+01 8.188618659973144531e+00
2.361432647705078125e+01 5.719202041625976562e+00
3.648281097412109375e+01 -7.403531074523925781e+00
2.681991195678710938e+01 6.760494709014892578e+00
2.722820281982421875e+01 8.177034378051757812e+00
3.294327163696289062e+01 3.380660533905029297e+00
3.797435760498046875e+01 -1.457181692123413086e+00
3.057100105285644531e+01 4.704488754272460938e+00
2.774446868896484375e+01 8.348777770996093750e+00
2.605292129516601562e+01 6.089229583740234375e+00
4.502204132080078125e+01 -1.098780822753906250e+01
2.997982597351074219e+01 9.581522941589355469e+00
3.266416931152343750e+01 5.103057861328125000e+00
3.965216064453125000e+01 -6.339541912078857422e+00
3.806101608276367188e+01 3.734229505062103271e-01
3.085512924194335938e+01 7.132357120513916016e+00
4.124568939208984375e+01 -8.394715309143066406e+00
2.503989982604980469e+01 6.435737609863281250e+00
4.539086151123046875e+01 -1.065780067443847656e+01
4.228390502929687500e+01 -7.112769126892089844e+00
2.750598335266113281e+01 8.166858673095703125e+00
3.701777648925781250e+01 -1.484897494316101074e+00
4.009418487548828125e+01 -7.291463375091552734e+00
4.565044403076171875e+01 -1.072157764434814453e+01
3.438181304931640625e+01 5.973765850067138672e+00
2.722447013854980469e+01 4.920974254608154297e+00
3.899087142944335938e+01 3.345893621444702148e+00
3.456957626342773438e+01 2.724131107330322266e+00
3.315976715087890625e+01 6.375598430633544922e+00
3.147586250305175781e+01 -1.609375596046447754e+00
2.574259376525878906e+01 9.047568321228027344e+00
2.743567085266113281e+01 5.702395439147949219e+00
3.661961746215820312e+01 1.017838358879089355e+00
3.466461563110351562e+01 3.246617317199707031e-01
3.971401214599609375e+01 1.304650545120239258e+00
4.339012908935546875e+01 -7.526345729827880859e+00
2.750590133666992188e+01 7.291378974914550781e+00
4.680082321166992188e+01 -1.174258422851562500e+01
2.990960693359375000e+01 6.665966033935546875e+00
2.834454917907714844e+01 5.993016719818115234e+00
3.674541091918945312e+01 -1.974091053009033203e+00
3.665445709228515625e+01 -9.738430380821228027e-02
4.169798660278320312e+01 -5.210428714752197266e+00
4.288457489013671875e+01 -7.483791828155517578e+00
3.031095695495605469e+01 5.134147167205810547e+00
3.818173980712890625e+01 7.925323396921157837e-02
4.565874099731445312e+01 -1.161990547180175781e+01
2.588192558288574219e+01 5.253162384033203125e+00
2.631944274902343750e+01 8.641578674316406250e+00
3.126751708984375000e+01 8.669806718826293945e-01
4.193088531494140625e+01 -6.303481578826904297e+00
4.601498031616210938e+01 -1.115326118469238281e+01
2.828869056701660156e+01 3.767333269119262695e+00
3.764529037475585938e+01 -3.869475603103637695e+00
3.421366500854492188e+01 1.936984300613403320e+00
